1,20,2,-1,1,20,20
1,20,2,-1,1,60,60
1,20,2,-1,1,160,160
1,20,2,-1,1,260,260
1,20,2,-1,1,300,300
1,20,2,-1,1,360,360
1,20,2,-1,1,400,400
1,20,2,-1,1,560,560
1,20,2,-1,1,600,600
1,20,2,-1,1,660,660
1,20,2,-1,1,760,760
1,20,2,-1,1,800,800
1,20,2,-1,1,860,860
1,20,2,-1,1,1000,1000
1,20,2,-1,1,1060,1060
1,20,2,-1,1,1100,1100
1,20,2,-1,1,1300,1300
1,20,2,-1,1,1500,1500
1,20,2,-1,1,1540,1540
1,20,2,-1,1,1700,1700
1,20,2,-1,1,1740,1740
1,20,2,-1,1,1800,1800
