1,14,2,-1,1,42,42
1,14,2,-1,1,140,140
1,14,2,-1,1,182,182
1,14,2,-1,1,238,238
1,14,2,-1,1,280,280
1,14,2,-1,1,308,308
1,14,2,-1,1,322,322
1,14,2,-1,1,336,336
1,14,2,-1,1,350,350
1,14,2,-1,1,420,420
1,14,2,-1,1,532,532
1,14,2,-1,1,616,616
1,14,2,-1,1,658,658
1,14,2,-1,1,700,700
1,14,2,-1,1,742,742
1,14,2,-1,1,910,910
1,14,2,-1,1,924,924
1,14,2,-1,1,938,938
1,14,2,-1,1,952,952
1,14,2,-1,1,994,994
1,14,2,-1,1,1036,1036
1,14,2,-1,1,1092,1092
1,14,2,-1,1,1120,1120
