1,20,2,-1,1,40,40
1,20,2,-1,1,80,80
1,20,2,-1,1,100,100
1,20,2,-1,1,120,120
1,20,2,-1,1,140,140
1,20,2,-1,1,160,160
1,20,2,-1,1,180,180
1,20,2,-1,1,200,200
1,20,2,-1,1,220,220
1,20,2,-1,1,240,240
1,20,2,-1,1,260,260
1,20,2,-1,1,280,280
1,20,2,-1,1,300,300
