1,7,2,-1,1,21,21
1,7,2,-1,1,42,42
1,7,2,-1,1,63,63
1,7,2,-1,1,77,77
1,7,2,-1,1,119,119
1,7,2,-1,1,133,133
1,7,2,-1,1,140,140
1,7,2,-1,1,147,147
1,7,2,-1,1,161,161
1,7,2,-1,1,182,182
1,7,2,-1,1,238,238
1,7,2,-1,1,280,280
