1,6,2,-1,1,12,12
1,6,2,-1,1,54,54
1,6,2,-1,1,90,90
1,6,2,-1,1,114,114
1,6,2,-1,1,132,132
1,6,2,-1,1,168,168
1,6,2,-1,1,210,210
1,6,2,-1,1,222,222
1,6,2,-1,1,234,234
1,6,2,-1,1,276,276
1,6,2,-1,1,288,288
